# CCMP12 -> CineMate Log 16to10, precomposed -- mode 3, b=1
# 4096 uint16 entries, indexed by the STORED 12-bit CCMP code
# ccmp T1 500.3389 T2 11500 s1 1/64 s2 1/16 P 200; log mu 10000 BL 3200 WL 65535 F 32 foot 487
   18    18    18    19    19    19    19    19    19    19    19    19    19    19    19    19
   19    19    20    20    20    20    20    20    20    20    20    20    20    20    20    20
   20    21    21    21    21    21    21    21    21    21    21    21    21    21    21    21
   22    22    22    22    22    22    22    22    22    22    22    22    22    22    22    22
   23    23    23    23    23    23    23    23    23    23    23    23    23    23    23    24
   24    24    24    24    24    24    24    24    24    24    24    24    24    24    25    25
   25    25    25    25    25    25    25    25    25    25    25    25    25    26    26    26
   26    26    26    26    26    26    26    26    26    26    26    26    27    27    27    27
   27    27    27    27    27    27    27    27    27    27    27    27    28    28    28    28
   28    28    28    28    28    28    28    28    28    28    28    29    29    29    29    29
   29    29    29    29    29    29    29    29    29    29    30    30    30    30    30    30
   30    30    30    30    30    30    30    30    30    31    31    31    31    31    31    31
   31    31    31    31    31    31    31    31    32    48    62    74    85    95   105   113
  121   128   135   141   147   153   159   164   169   174   178   182   187   191   195   198
  202   205   209   212   215   218   221   224   227   230   233   235   238   240   243   245
  248   250   252   254   257   259   261   263   265   267   269   271   272   274   276   278
  280   281   283   285   286   288   289   291   293   294   296   297   299   300   301   303
  304   306   307   308   310   311   312   313   315   316   317   318   320   321   322   323
  324   325   326   328   329   330   331   332   333   334   335   336   337   338   339   340
  341   342   343   344   345   346   347   348   349   350   350   351   352   353   354   355
  356   357   357   358   359   360   361   361   362   363   364   365   365   366   367   368
  369   369   370   371   371   372   373   374   374   375   376   377   377   378   379   379
  380   381   381   382   383   383   384   385   385   386   387   387   388   388   389   390
  390   391   392   392   393   393   394   395   395   396   396   397   398   398   399   399
  400   400   401   401   402   403   403   404   404   405   405   406   406   407   407   408
  408   409   410   410   411   411   412   412   413   413   414   414   415   415   416   416
  417   417   417   418   418   419   419   420   420   421   421   422   422   423   423   424
  424   424   425   425   426   426   427   427   428   428   428   429   429   430   430   431
  431   431   432   432   433   433   434   434   434   435   435   436   436   436   437   437
  438   438   438   439   439   440   440   440   441   441   441   442   442   443   443   443
  444   444   445   445   445   446   446   446   447   447   447   448   448   449   449   449
  450   450   450   451   451   451   452   452   452   453   453   453   454   454   454   455
  455   455   456   456   456   457   457   457   458   458   458   459   459   459   460   460
  460   461   461   461   462   462   462   463   463   463   464   464   464   465   465   465
  465   466   466   466   467   467   467   468   468   468   468   469   469   469   470   470
  470   471   471   471   471   472   472   472   473   473   473   473   474   474   474   475
  475   475   475   476   476   476   477   477   477   477   478   478   478   478   479   479
  479   480   480   480   480   481   481   481   481   482   482   482   482   483   483   483
  484   484   484   484   485   485   485   485   486   486   486   486   487   487   487   487
  488   488   488   488   489   489   489   489   490   490   490   490   491   491   491   491
  492   492   492   492   492   493   493   493   493   494   494   494   494   495   495   495
  495   496   496   496   496   496   497   497   497   497   498   498   498   498   499   499
  499   499   499   500   500   500   500   501   501   501   501   501   502   502   502   502
  503   503   503   503   503   504   504   504   504   504   505   505   505   514   526   536
  546   555   563   571   578   585   591   597   603   608   613   618   623   627   631   635
  639   643   647   651   654   657   661   664   667   670   673   676   678   681   684   686
  689   691   694   696   698   700   703   705   707   709   711   713   715   717   719   721
  722   724   726   728   729   731   733   734   736   737   739   741   742   744   745   747
  748   749   751   752   753   755   756   757   759   760   761   763   764   765   766   767
  769   770   771   772   773   774   775   777   778   779   780   781   782   783   784   785
  786   787   788   789   790   791   792   793   794   795   795   796   797   798   799   800
  801   802   803   803   804   805   806   807   808   808   809   810   811   812   812   813
  814   815   815   816   817   818   818   819   820   821   821   822   823   824   824   825
  826   826   827   828   828   829   830   830   831   832   832   833   834   834   835   836
  836   837   837   838   839   839   840   840   841   841   841   842   842   842   842   842
  842   842   843   843   843   843   843   843   844   844   844   844   844   844   844   845
  845   845   845   845   845   845   846   846   846   846   846   846   846   847   847   847
  847   847   847   847   848   848   848   848   848   848   848   849   849   849   849   849
  849   849   850   850   850   850   850   850   850   850   851   851   851   851   851   851
  851   852   852   852   852   852   852   852   853   853   853   853   853   853   853   853
  854   854   854   854   854   854   854   855   855   855   855   855   855   855   855   856
  856   856   856   856   856   856   856   857   857   857   857   857   857   857   858   858
  858   858   858   858   858   858   859   859   859   859   859   859   859   859   860   860
  860   860   860   860   860   860   861   861   861   861   861   861   861   861   862   862
  862   862   862   862   862   862   863   863   863   863   863   863   863   863   864   864
  864   864   864   864   864   864   864   865   865   865   865   865   865   865   865   866
  866   866   866   866   866   866   866   867   867   867   867   867   867   867   867   867
  868   868   868   868   868   868   868   868   869   869   869   869   869   869   869   869
  869   870   870   870   870   870   870   870   870   870   871   871   871   871   871   871
  871   871   871   872   872   872   872   872   872   872   872   872   873   873   873   873
  873   873   873   873   873   874   874   874   874   874   874   874   874   874   875   875
  875   875   875   875   875   875   875   876   876   876   876   876   876   876   876   876
  877   877   877   877   877   877   877   877   877   878   878   878   878   878   878   878
  878   878   878   879   879   879   879   879   879   879   879   879   880   880   880   880
  880   880   880   880   880   880   881   881   881   881   881   881   881   881   881   881
  882   882   882   882   882   882   882   882   882   883   883   883   883   883   883   883
  883   883   883   884   884   884   884   884   884   884   884   884   884   885   885   885
  885   885   885   885   885   885   885   886   886   886   886   886   886   886   886   886
  886   887   887   887   887   887   887   887   887   887   887   888   888   888   888   888
  888   888   888   888   888   888   889   889   889   889   889   889   889   889   889   889
  890   890   890   890   890   890   890   890   890   890   890   891   891   891   891   891
  891   891   891   891   891   892   892   892   892   892   892   892   892   892   892   892
  893   893   893   893   893   893   893   893   893   893   893   894   894   894   894   894
  894   894   894   894   894   894   895   895   895   895   895   895   895   895   895   895
  895   896   896   896   896   896   896   896   896   896   896   896   897   897   897   897
  897   897   897   897   897   897   897   898   898   898   898   898   898   898   898   898
  898   898   898   899   899   899   899   899   899   899   899   899   899   899   900   900
  900   900   900   900   900   900   900   900   900   900   901   901   901   901   901   901
  901   901   901   901   901   902   902   902   902   902   902   902   902   902   902   902
  902   903   903   903   903   903   903   903   903   903   903   903   903   904   904   904
  904   904   904   904   904   904   904   904   904   905   905   905   905   905   905   905
  905   905   905   905   905   906   906   906   906   906   906   906   906   906   906   906
  906   907   907   907   907   907   907   907   907   907   907   907   907   908   908   908
  908   908   908   908   908   908   908   908   908   908   909   909   909   909   909   909
  909   909   909   909   909   909   910   910   910   910   910   910   910   910   910   910
  910   910   910   911   911   911   911   911   911   911   911   911   911   911   911   911
  912   912   912   912   912   912   912   912   912   912   912   912   912   913   913   913
  913   913   913   913   913   913   913   913   913   913   914   914   914   914   914   914
  914   914   914   914   914   914   914   915   915   915   915   915   915   915   915   915
  915   915   915   915   916   916   916   916   916   916   916   916   916   916   916   916
  916   916   917   917   917   917   917   917   917   917   917   917   917   917   917   918
  918   918   918   918   918   918   918   918   918   918   918   918   918   919   919   919
  919   919   919   919   919   919   919   919   919   919   919   920   920   920   920   920
  920   920   920   920   920   920   920   920   921   921   921   921   921   921   921   921
  921   921   921   921   921   921   922   922   922   922   922   922   922   922   922   922
  922   922   922   922   922   923   923   923   923   923   923   923   923   923   923   923
  923   923   923   924   924   924   924   924   924   924   924   924   924   924   924   924
  924   925   925   925   925   925   925   925   925   925   925   925   925   925   925   925
  926   926   926   926   926   926   926   926   926   926   926   926   926   926   926   927
  927   927   927   927   927   927   927   927   927   927   927   927   927   928   928   928
  928   928   928   928   928   928   928   928   928   928   928   928   929   929   929   929
  929   929   929   929   929   929   929   929   929   929   929   929   930   930   930   930
  930   930   930   930   930   930   930   930   930   930   930   931   931   931   931   931
  931   931   931   931   931   931   931   931   931   931   932   932   932   932   932   932
  932   932   932   932   932   932   932   932   932   932   933   933   933   933   933   933
  933   933   933   933   933   933   933   933   933   934   934   934   934   934   934   934
  934   934   934   934   934   934   934   934   934   935   935   935   935   935   935   935
  935   935   935   935   935   935   935   935   935   936   936   936   936   936   936   936
  936   936   936   936   936   936   936   936   936   937   937   937   937   937   937   937
  937   937   937   937   937   937   937   937   937   937   938   938   938   938   938   938
  938   938   938   938   938   938   938   938   938   938   939   939   939   939   939   939
  939   939   939   939   939   939   939   939   939   939   939   940   940   940   940   940
  940   940   940   940   940   940   940   940   940   940   940   941   941   941   941   941
  941   941   941   941   941   941   941   941   941   941   941   941   942   942   942   942
  942   942   942   942   942   942   942   942   942   942   942   942   942   943   943   943
  943   943   943   943   943   943   943   943   943   943   943   943   943   943   943   944
  944   944   944   944   944   944   944   944   944   944   944   944   944   944   944   944
  945   945   945   945   945   945   945   945   945   945   945   945   945   945   945   945
  945   945   946   946   946   946   946   946   946   946   946   946   946   946   946   946
  946   946   946   947   947   947   947   947   947   947   947   947   947   947   947   947
  947   947   947   947   947   948   948   948   948   948   948   948   948   948   948   948
  948   948   948   948   948   948   948   949   949   949   949   949   949   949   949   949
  949   949   949   949   949   949   949   949   949   950   950   950   950   950   950   950
  950   950   950   950   950   950   950   950   950   950   950   950   951   951   951   951
  951   951   951   951   951   951   951   951   951   951   951   951   951   951   952   952
  952   952   952   952   952   952   952   952   952   952   952   952   952   952   952   952
  952   953   953   953   953   953   953   953   953   953   953   953   953   953   953   953
  953   953   953   953   954   954   954   954   954   954   954   954   954   954   954   954
  954   954   954   954   954   954   954   955   955   955   955   955   955   955   955   955
  955   955   955   955   955   955   955   955   955   955   956   956   956   956   956   956
  956   956   956   956   956   956   956   956   956   956   956   956   956   956   957   957
  957   957   957   957   957   957   957   957   957   957   957   957   957   957   957   957
  957   958   958   958   958   958   958   958   958   958   958   958   958   958   958   958
  958   958   958   958   958   959   959   959   959   959   959   959   959   959   959   959
  959   959   959   959   959   959   959   959   959   960   960   960   960   960   960   960
  960   960   960   960   960   960   960   960   960   960   960   960   960   961   961   961
  961   961   961   961   961   961   961   961   961   961   961   961   961   961   961   961
  961   961   962   962   962   962   962   962   962   962   962   962   962   962   962   962
  962   962   962   962   962   962   963   963   963   963   963   963   963   963   963   963
  963   963   963   963   963   963   963   963   963   963   963   964   964   964   964   964
  964   964   964   964   964   964   964   964   964   964   964   964   964   964   964   964
  965   965   965   965   965   965   965   965   965   965   965   965   965   965   965   965
  965   965   965   965   965   966   966   966   966   966   966   966   966   966   966   966
  966   966   966   966   966   966   966   966   966   966   967   967   967   967   967   967
  967   967   967   967   967   967   967   967   967   967   967   967   967   967   967   967
  968   968   968   968   968   968   968   968   968   968   968   968   968   968   968   968
  968   968   968   968   968   969   969   969   969   969   969   969   969   969   969   969
  969   969   969   969   969   969   969   969   969   969   969   970   970   970   970   970
  970   970   970   970   970   970   970   970   970   970   970   970   970   970   970   970
  970   971   971   971   971   971   971   971   971   971   971   971   971   971   971   971
  971   971   971   971   971   971   971   971   972   972   972   972   972   972   972   972
  972   972   972   972   972   972   972   972   972   972   972   972   972   972   973   973
  973   973   973   973   973   973   973   973   973   973   973   973   973   973   973   973
  973   973   973   973   973   974   974   974   974   974   974   974   974   974   974   974
  974   974   974   974   974   974   974   974   974   974   974   974   975   975   975   975
  975   975   975   975   975   975   975   975   975   975   975   975   975   975   975   975
  975   975   975   976   976   976   976   976   976   976   976   976   976   976   976   976
  976   976   976   976   976   976   976   976   976   976   976   977   977   977   977   977
  977   977   977   977   977   977   977   977   977   977   977   977   977   977   977   977
  977   977   978   978   978   978   978   978   978   978   978   978   978   978   978   978
  978   978   978   978   978   978   978   978   978   978   979   979   979   979   979   979
  979   979   979   979   979   979   979   979   979   979   979   979   979   979   979   979
  979   979   980   980   980   980   980   980   980   980   980   980   980   980   980   980
  980   980   980   980   980   980   980   980   980   980   981   981   981   981   981   981
  981   981   981   981   981   981   981   981   981   981   981   981   981   981   981   981
  981   981   981   982   982   982   982   982   982   982   982   982   982   982   982   982
  982   982   982   982   982   982   982   982   982   982   982   982   983   983   983   983
  983   983   983   983   983   983   983   983   983   983   983   983   983   983   983   983
  983   983   983   983   983   984   984   984   984   984   984   984   984   984   984   984
  984   984   984   984   984   984   984   984   984   984   984   984   984   984   985   985
  985   985   985   985   985   985   985   985   985   985   985   985   985   985   985   985
  985   985   985   985   985   985   985   986   986   986   986   986   986   986   986   986
  986   986   986   986   986   986   986   986   986   986   986   986   986   986   986   986
  986   987   987   987   987   987   987   987   987   987   987   987   987   987   987   987
  987   987   987   987   987   987   987   987   987   987   987   988   988   988   988   988
  988   988   988   988   988   988   988   988   988   988   988   988   988   988   988   988
  988   988   988   988   988   989   989   989   989   989   989   989   989   989   989   989
  989   989   989   989   989   989   989   989   989   989   989   989   989   989   989   990
  990   990   990   990   990   990   990   990   990   990   990   990   990   990   990   990
  990   990   990   990   990   990   990   990   990   990   991   991   991   991   991   991
  991   991   991   991   991   991   991   991   991   991   991   991   991   991   991   991
  991   991   991   991   991   992   992   992   992   992   992   992   992   992   992   992
  992   992   992   992   992   992   992   992   992   992   992   992   992   992   992   992
  993   993   993   993   993   993   993   993   993   993   993   993   993   993   993   993
  993   993   993   993   993   993   993   993   993   993   993   993   994   994   994   994
  994   994   994   994   994   994   994   994   994   994   994   994   994   994   994   994
  994   994   994   994   994   994   994   995   995   995   995   995   995   995   995   995
  995   995   995   995   995   995   995   995   995   995   995   995   995   995   995   995
  995   995   995   996   996   996   996   996   996   996   996   996   996   996   996   996
  996   996   996   996   996   996   996   996   996   996   996   996   996   996   996   997
  997   997   997   997   997   997   997   997   997   997   997   997   997   997   997   997
  997   997   997   997   997   997   997   997   997   997   997   997   998   998   998   998
  998   998   998   998   998   998   998   998   998   998   998   998   998   998   998   998
  998   998   998   998   998   998   998   998   999   999   999   999   999   999   999   999
  999   999   999   999   999   999   999   999   999   999   999   999   999   999   999   999
  999   999   999   999   999  1000  1000  1000  1000  1000  1000  1000  1000  1000  1000  1000
 1000  1000  1000  1000  1000  1000  1000  1000  1000  1000  1000  1000  1000  1000  1000  1000
 1000  1000  1000  1001  1001  1001  1001  1001  1001  1001  1001  1001  1001  1001  1001  1001
 1001  1001  1001  1001  1001  1001  1001  1001  1001  1001  1001  1001  1001  1001  1001  1001
 1002  1002  1002  1002  1002  1002  1002  1002  1002  1002  1002  1002  1002  1002  1002  1002
 1002  1002  1002  1002  1002  1002  1002  1002  1002  1002  1002  1002  1002  1002  1003  1003
 1003  1003  1003  1003  1003  1003  1003  1003  1003  1003  1003  1003  1003  1003  1003  1003
 1003  1003  1003  1003  1003  1003  1003  1003  1003  1003  1003  1003  1004  1004  1004  1004
 1004  1004  1004  1004  1004  1004  1004  1004  1004  1004  1004  1004  1004  1004  1004  1004
 1004  1004  1004  1004  1004  1004  1004  1004  1004  1004  1005  1005  1005  1005  1005  1005
 1005  1005  1005  1005  1005  1005  1005  1005  1005  1005  1005  1005  1005  1005  1005  1005
 1005  1005  1005  1005  1005  1005  1005  1005  1005  1006  1006  1006  1006  1006  1006  1006
 1006  1006  1006  1006  1006  1006  1006  1006  1006  1006  1006  1006  1006  1006  1006  1006
 1006  1006  1006  1006  1006  1006  1006  1006  1007  1007  1007  1007  1007  1007  1007  1007
 1007  1007  1007  1007  1007  1007  1007  1007  1007  1007  1007  1007  1007  1007  1007  1007
 1007  1007  1007  1007  1007  1007  1007  1008  1008  1008  1008  1008  1008  1008  1008  1008
 1008  1008  1008  1008  1008  1008  1008  1008  1008  1008  1008  1008  1008  1008  1008  1008
 1008  1008  1008  1008  1008  1008  1008  1009  1009  1009  1009  1009  1009  1009  1009  1009
 1009  1009  1009  1009  1009  1009  1009  1009  1009  1009  1009  1009  1009  1009  1009  1009
 1009  1009  1009  1009  1009  1009  1010  1010  1010  1010  1010  1010  1010  1010  1010  1010
 1010  1010  1010  1010  1010  1010  1010  1010  1010  1010  1010  1010  1010  1010  1010  1010
 1010  1010  1010  1010  1010  1010  1010  1011  1011  1011  1011  1011  1011  1011  1011  1011
 1011  1011  1011  1011  1011  1011  1011  1011  1011  1011  1011  1011  1011  1011  1011  1011
 1011  1011  1011  1011  1011  1011  1011  1012  1012  1012  1012  1012  1012  1012  1012  1012
 1012  1012  1012  1012  1012  1012  1012  1012  1012  1012  1012  1012  1012  1012  1012  1012
 1012  1012  1012  1012  1012  1012  1012  1012  1013  1013  1013  1013  1013  1013  1013  1013
 1013  1013  1013  1013  1013  1013  1013  1013  1013  1013  1013  1013  1013  1013  1013  1013
 1013  1013  1013  1013  1013  1013  1013  1013  1013  1014  1014  1014  1014  1014  1014  1014
 1014  1014  1014  1014  1014  1014  1014  1014  1014  1014  1014  1014  1014  1014  1014  1014
 1014  1014  1014  1014  1014  1014  1014  1014  1014  1014  1015  1015  1015  1015  1015  1015
 1015  1015  1015  1015  1015  1015  1015  1015  1015  1015  1015  1015  1015  1015  1015  1015
 1015  1015  1015  1015  1015  1015  1015  1015  1015  1015  1015  1015  1016  1016  1016  1016
 1016  1016  1016  1016  1016  1016  1016  1016  1016  1016  1016  1016  1016  1016  1016  1016
 1016  1016  1016  1016  1016  1016  1016  1016  1016  1016  1016  1016  1016  1017  1017  1017
 1017  1017  1017  1017  1017  1017  1017  1017  1017  1017  1017  1017  1017  1017  1017  1017
 1017  1017  1017  1017  1017  1017  1017  1017  1017  1017  1017  1017  1017  1017  1017  1017
 1018  1018  1018  1018  1018  1018  1018  1018  1018  1018  1018  1018  1018  1018  1018  1018
 1018  1018  1018  1018  1018  1018  1018  1018  1018  1018  1018  1018  1018  1018  1018  1018
 1018  1018  1019  1019  1019  1019  1019  1019  1019  1019  1019  1019  1019  1019  1019  1019
 1019  1019  1019  1019  1019  1019  1019  1019  1019  1019  1019  1019  1019  1019  1019  1019
 1019  1019  1019  1019  1019  1020  1020  1020  1020  1020  1020  1020  1020  1020  1020  1020
 1020  1020  1020  1020  1020  1020  1020  1020  1020  1020  1020  1020  1020  1020  1020  1020
 1020  1020  1020  1020  1020  1020  1020  1020  1021  1021  1021  1021  1021  1021  1021  1021
 1021  1021  1021  1021  1021  1021  1021  1021  1021  1021  1021  1021  1021  1021  1021  1021
 1021  1021  1021  1021  1021  1021  1021  1021  1021  1021  1021  1021  1022  1022  1022  1022
 1022  1022  1022  1022  1022  1022  1022  1022  1022  1022  1022  1022  1022  1022  1022  1022
 1022  1022  1022  1022  1022  1022  1022  1022  1022  1022  1022  1022  1022  1022  1022  1022
 1023  1023  1023  1023  1023  1023  1023  1023  1023  1023  1023  1023  1023  1023  1023  1023
 1023  1023  1023  1023  1023  1023  1023  1023  1023  1023  1023  1023  1023  1023  1023  1023
 1023  1023  1023  1023  1023  1023  1023  1023  1023  1023  1023  1023  1023  1023  1023  1023
 1023  1023  1023  1023  1023  1023  1023  1023  1023  1023  1023  1023  1023  1023  1023  1023
